%YAML:1.0
aruco_bc_nmarkers: 6
aruco_bc_mInfoType: 0
aruco_bc_markers:
   - { id:60, corners:[ [ -170., -110., 0. ], [ -70., -110., 0. ], [
       -70., -10., 0. ], [ -170., -10., 0. ] ] }
   - { id:867, corners:[ [ -50., -110., 0. ], [ 50., -110., 0. ], [ 50.,
       -10., 0. ], [ -50., -10., 0. ] ] }
   - { id:83, corners:[ [ 70., -110., 0. ], [ 170., -110., 0. ], [ 170.,
       -10., 0. ], [ 70., -10., 0. ] ] }
   - { id:952, corners:[ [ -170., 10., 0. ], [ -70., 10., 0. ], [ -70.,
       110., 0. ], [ -170., 110., 0. ] ] }
   - { id:708, corners:[ [ -50., 10., 0. ], [ 50., 10., 0. ], [ 50.,
       110., 0. ], [ -50., 110., 0. ] ] }
   - { id:335, corners:[ [ 70., 10., 0. ], [ 170., 10., 0. ], [ 170.,
       110., 0. ], [ 70., 110., 0. ] ] }
