%YAML:1.0
aruco_bc_nmarkers: 3
aruco_bc_mInfoType: 0
aruco_bc_markers:
   - { id:568, corners:[ [ -192., -128., 0. ], [ -64., -128., 0. ], [
       -64., 0., 0. ], [ -192., 0., 0. ] ] }
   - { id:168, corners:[ [ 64., -128., 0. ], [ 192., -128., 0. ], [ 192.,
       0., 0. ], [ 64., 0., 0. ] ] }
   - { id:562, corners:[ [ -64., 0., 0. ], [ 64., 0., 0. ], [ 64., 128.,
       0. ], [ -64., 128., 0. ] ] }
