%YAML:1.0
aruco_bc_nmarkers: 24
aruco_bc_mInfoType: 0
aruco_bc_markers:
   - { id:823, corners:[ [ -350., -230., 0. ], [ -250., -230., 0. ], [
       -250., -130., 0. ], [ -350., -130., 0. ] ] }
   - { id:102, corners:[ [ -230., -230., 0. ], [ -130., -230., 0. ], [
       -130., -130., 0. ], [ -230., -130., 0. ] ] }
   - { id:387, corners:[ [ -110., -230., 0. ], [ -10., -230., 0. ], [
       -10., -130., 0. ], [ -110., -130., 0. ] ] }
   - { id:727, corners:[ [ 10., -230., 0. ], [ 110., -230., 0. ], [ 110.,
       -130., 0. ], [ 10., -130., 0. ] ] }
   - { id:956, corners:[ [ 130., -230., 0. ], [ 230., -230., 0. ], [
       230., -130., 0. ], [ 130., -130., 0. ] ] }
   - { id:968, corners:[ [ 250., -230., 0. ], [ 350., -230., 0. ], [
       350., -130., 0. ], [ 250., -130., 0. ] ] }
   - { id:714, corners:[ [ -350., -110., 0. ], [ -250., -110., 0. ], [
       -250., -10., 0. ], [ -350., -10., 0. ] ] }
   - { id:495, corners:[ [ -230., -110., 0. ], [ -130., -110., 0. ], [
       -130., -10., 0. ], [ -230., -10., 0. ] ] }
   - { id:561, corners:[ [ -110., -110., 0. ], [ -10., -110., 0. ], [
       -10., -10., 0. ], [ -110., -10., 0. ] ] }
   - { id:767, corners:[ [ 10., -110., 0. ], [ 110., -110., 0. ], [ 110.,
       -10., 0. ], [ 10., -10., 0. ] ] }
   - { id:898, corners:[ [ 130., -110., 0. ], [ 230., -110., 0. ], [
       230., -10., 0. ], [ 130., -10., 0. ] ] }
   - { id:837, corners:[ [ 250., -110., 0. ], [ 350., -110., 0. ], [
       350., -10., 0. ], [ 250., -10., 0. ] ] }
   - { id:607, corners:[ [ -350., 10., 0. ], [ -250., 10., 0. ], [ -250.,
       110., 0. ], [ -350., 110., 0. ] ] }
   - { id:461, corners:[ [ -230., 10., 0. ], [ -130., 10., 0. ], [ -130.,
       110., 0. ], [ -230., 110., 0. ] ] }
   - { id:89, corners:[ [ -110., 10., 0. ], [ -10., 10., 0. ], [ -10.,
       110., 0. ], [ -110., 110., 0. ] ] }
   - { id:803, corners:[ [ 10., 10., 0. ], [ 110., 10., 0. ], [ 110.,
       110., 0. ], [ 10., 110., 0. ] ] }
   - { id:193, corners:[ [ 130., 10., 0. ], [ 230., 10., 0. ], [ 230.,
       110., 0. ], [ 130., 110., 0. ] ] }
   - { id:149, corners:[ [ 250., 10., 0. ], [ 350., 10., 0. ], [ 350.,
       110., 0. ], [ 250., 110., 0. ] ] }
   - { id:567, corners:[ [ -350., 130., 0. ], [ -250., 130., 0. ], [
       -250., 230., 0. ], [ -350., 230., 0. ] ] }
   - { id:501, corners:[ [ -230., 130., 0. ], [ -130., 130., 0. ], [
       -130., 230., 0. ], [ -230., 230., 0. ] ] }
   - { id:961, corners:[ [ -110., 130., 0. ], [ -10., 130., 0. ], [ -10.,
       230., 0. ], [ -110., 230., 0. ] ] }
   - { id:552, corners:[ [ 10., 130., 0. ], [ 110., 130., 0. ], [ 110.,
       230., 0. ], [ 10., 230., 0. ] ] }
   - { id:67, corners:[ [ 130., 130., 0. ], [ 230., 130., 0. ], [ 230.,
       230., 0. ], [ 130., 230., 0. ] ] }
   - { id:479, corners:[ [ 250., 130., 0. ], [ 350., 130., 0. ], [ 350.,
       230., 0. ], [ 250., 230., 0. ] ] }
